9
WP_037127040.1_cytochrome_c_family_protein__Rhizobium_sp._CF097_          0.0000000 1.2564535 1.0268876 1.0704589 0.9787532 1.1067374 1.3117104 1.2500207 1.2848596 
NP_001285984.1_cytochrome_c_proximal__isoform_B__Drosophila_melanogaster_ 1.2564535 0.0000000 0.3221914 0.3443979 0.9165417 0.7318110 0.8220406 0.8010856 0.8079456 
NP_061820.1_cytochrome_c__Homo_sapiens_                                   1.0268876 0.3221914 0.0000000 0.0870508 0.7866899 0.6615182 0.6963826 0.6536401 0.6319933 
bartmosca                                                                 1.0704589 0.3443979 0.0870508 0.0000000 0.9070923 0.7093218 0.7875679 0.7279142 0.7047956 
CBJ31344.1_Cytochrome_c__Ectocarpus_siliculosus_                          0.9787532 0.9165417 0.7866899 0.9070923 0.0000000 0.4737322 0.4391953 0.4245914 0.3956290 
KAE8767936.1_Cytochrome_c__Hordeum_vulgare_                               1.1067374 0.7318110 0.6615182 0.7093218 0.4737322 0.0000000 0.1914836 0.1895844 0.1709742 
QEE59979.1_cytochrome_c__Betula_platyphylla_                              1.3117104 0.8220406 0.6963826 0.7875679 0.4391953 0.1914836 0.0000000 0.0645009 0.0569968 
KAE9612850.1_Cytochrome_c__Lupinus_albus_                                 1.2500207 0.8010856 0.6536401 0.7279142 0.4245914 0.1895844 0.0645009 0.0000000 0.0471957 
NP_001363126.1_cytochrome_c__Vigna_radiata_                               1.2848596 0.8079456 0.6319933 0.7047956 0.3956290 0.1709742 0.0569968 0.0471957 0.0000000 
